$ANSIBLE_VAULT;1.1;AES256
38376433326439653434363536616635323363363736306230613236613333376137633237646631
6534613165643536383233653566323063346438633035610a666232363233363138623364643361
33353733356133386235376630303937343137663331316437313363663637316230343465323266
3065633939306330620a373765383236616132353163396566393761346235613432626264666334
34373636343130356461623539316235383432386331336631346364646438346337383164383234
34396231393865633734386132356336326134653031623963663735323861323733316635353030
31383561376531336333626639666335383161663130373433643336343934333534383630333533
65383636623235613163613532346465383539393031333061643362306261376262643534393530
66353935356135313631663863313361613563373039386431653230636139346261393235636337
30303931373739363639303432343361656361373365366463636561643134343836373939383066
30353132336466313631373135323963643561376434623065376233313263633935393264663836
64616635366565363764373534373632336466646431653735613962646464313565663433366562
33343662383462306432356538346666653936313638386534393732636634653930323261633235
66316137656137383266323335363261623737626565373465393565336537656131656261303765
35313462656334663334633665653366356663356432653035653938336333666264393262376330
34333934326433363264326337363031336630633262383636373734663065373334663932306162
31633335643062666635306237666533366630383666663135386237643233373637343762313266
31623134323334633037333837383138383535356435656565313664623538633235353530646261
61643336626332616666393136376366353966313364316333623733613736613966383166623335
61386334336235363935343965343136356366353765616531656233643630346262353531633333
33333965343331376461316539376265643437613730333732303261653734353961616437383236
38613937376462396132333036353636663832366363326535626134663238396263613563616638
37663862393837613438396664616262323930343761373366383737306534636566393338656437
63313964633530366530646236306436666333366463646138666433633766666462306233396465
32336230353031363338626235356262303963643832336639393236383961623937386136356135
36346461613564316237333731643136363237626632643036646236356139336136663662353337
38346337623861653665343737396262666236356130316331326164313662333164636666343863
30633162663536623937356235326536313662633930613532656133663736313737326439373033
31386537366631313963346266636565363835326464656636386163343937326436636432393336
63366562373461333737323535383238643663356333323337336463636564333233623338363533
31373532313930396437373138336263363265363165383233323036623566313836646331306361
32626362373365336437636665336263313236303866633432306136663935343335633064653335
31356139393262666565623562333538366539323462356130316235363432313736306337666237
38633237666235616564303863623732653431646237303665373235613439386238663137396335
63633032636539393163613331336662333136626634336137633637613832663930653662343263
32316537333664306430313334346561396332623362343937343965623230616531366565333361
34653436646135306661366638386162653432346435343335666537623739646535316535396166
65343233353962653330363936663464333530333462326531326363643138383032663333613439
64383366653531386265343130643136666664656637383334333865316661656563636261613033
65303530303733643537343838656162373664616135626332316132356364666266623465633265
37653033356264623365343932343138633062356136363566626261393135336261653531663336
31316130636261623736663938626433343365663631313361333334613666653166303435303466
32363939353537316231626338323632383534653832346262336331383966343637373766633239
61353932336163393036346139666338636163306232323162613166343231313363313366383838
34613166353865323561613661363039656136316666376465363363613238343663646166323864
62663461663462373937343163306165353166303138393431613066336230366363303866353530
37333230333033376435363934363962643636333836363739363261616134653736376364346639
32373163356265643838666463623831633063643731393238623532363063653139653564376534
38396230636432663461623138623936313864303236383336316539663266653439356465613034
38313433646136346637326565346535333037386130313230616261376665313938623231316366
34393936393037343533656662316237353735343539396334663537326166376362653234313230
61386364623663623662303032666330356338653666353135376433383366623930346563303663
66383662663230303834633134613230383130336239623035373964306334333839386138653039
31323065363435643133376131653538666133343362343462336332363862623934383464653631
37633533306163353730623062303934326565656364636133373839643339313231303034363861
32623735386432363432613435633932613162663037363532653766303534393665313931346364
63613137386162323266376364633034663666333330656563306132343737646338306663646438
30326466303532663238623338343937343830393937353063306535306265626336323438353337
32643830613861323962313239616263336462646565353965373435313137323666303834383739
65303136643238383364313066383431626630663561373731383330383333353766386134643465
65306233646238323134656437623934613666313735666435643137623263653033656166323135
36386635643630643834626638306539653062363837366463666138393939383965636131303366
39643964633930633035383861633434346134343163386534306265626639646634393239333339
65303163306636626362613861303830323166366139313361643930373866373465636134633363
36633435633561313061316130653466353430623437346239346662333238663661396436313637
33353937303135363261353035386233336264653435373239346334663932653762666565333366
31663534663166653938376135663561333562663536306137313265343334653562613839653939
31353539396339336231393430663464663333353431353062653465326135306262613865623932
39336462626433323365313831656163643831353331663735663937313364623236313461323266
63366265373233363137333533616538386532636263343933363161636430323234646637346666
30626432363364326564313436313438303231353831316562303735333530393663303139366661
35663161303965353138623639306334373565616635623266663564613361643238623462303035
30363431353635353937316231393238373139333263383066386532653437633532333530363532
32633539383639633438633532623963613136636331376634323636366633663165646338353133
33316334666664643630613234303238656232666266613364353732643836643065646637373736
64333037626234383834623934633765383264386138303037666437313638356134336634633233
35303539303465633438373336626630623234313466376639663762376665323761316661363337
30306663303565643564633636303631303930613733376666336462346533626137393833643362
64326365386133616565313731656630653364363435646534656131623836663534333037396563
35623534383437343934363566643433653265626639636531323363333862346337643732623162
64306537656230393030303465346432373032363738623833623163653430623430333264643533
30313338623737336465663866316161316535323738623965313239646630626535646238333930
32626633323439623739653965313661386330326538663832373161313162653433346235356139
39613735653933353737343533376166363835373136303238336164626631313763343634366661
34653363613733333362356439353035316539363938623738643034636630353966663533656662
31663265653061343738383133373563613763373631316636666439666337656136306430376536
61383930636562356562373764643132343866303864323530656336383138353538366135383732
64383934373439313766366265353331363261393035643139316266613231643765346430363335
34663138373163343435333431326336323130363462356365633133633362333562336261643534
65363130373037373639393730616264343262373734326263393262376265653532386265326264
30306236393032313764663165373036336239386234383464303163663639356535663234616638
37633838343433386534633635356662373561663932346166616335613935366132323638383962
39363735366632613061363364366130633664356432306565613938363466623932346165613232
65323130333936353163306131363762363862313137626639396237333030333037313362353762
31356462306632613332663031643132366633626630616532623261343436663830326232663935
64646439633138356334396532373136306633626438656562396237346435386463386238626634
34663166333933363462396439373565343463656432343161396365383664383563653130663137
3863363661633037353833376238366564643534626336326365
